,sendentary,light,moderate,vigorous
0d01bbf2,0.7016317968329404,0.23743664952568364,0.054504613214027144,0.00642694042734884
cefdb7fe,0.8432566418270586,0.1395144055102565,0.016439266218342033,0.000789686444342774
58391429,0.984951415174284,0.012485170329359923,0.0022597593356307555,0.00030365516072538277
2ca2206f,0.8024003154260656,0.15346247423539633,0.041454165451229166,0.0026830448873089094
19455336,0.8348694253736826,0.11529261941108762,0.04289900977166788,0.006938945443561883
ca33a5e7,0.9617635337793905,0.03081150240157728,0.0066698827526899766,0.0007550810663422614
92bb8516,0.7064720160575083,0.22771087149325492,0.05434579657377585,0.011471315875460953
2812951b,0.6597085540081585,0.23381493738319498,0.09086732191308775,0.015609186695558771
6b6467f4,0.7477081041437477,0.20095342867620095,0.04779366825571446,0.003544798924336878
9d6b1410,0.7837790537781371,0.1337619694482178,0.06479961331077647,0.017659363462868668
22c72c4e,0.915758953060105,0.06229919285322467,0.018180393386098267,0.0037614607005720556
b3b200af,0.8812297603831445,0.10278567856078326,0.014165837294951526,0.001818723761120738
ebf30e46,0.6990917679391936,0.21827629149310773,0.06738738351870142,0.015244557048997295
2a0b8386,0.859249871810371,0.10324788747660278,0.03204949161869109,0.00545274909433506
71c1b1d2,0.7241777046638492,0.2183868924374356,0.05037297557931758,0.007062427319397566
e683d2c9,0.8115819209039548,0.13486682808716707,0.04249394673123487,0.011057304277643261
bebff291,0.8484649091607506,0.11669322369076242,0.031004140050363498,0.0038377270981234616
d4d2f272,0.8890055250436837,0.09817400432394723,0.011971476427248107,0.0008489942051209488
81d3ab22,0.9833367201788255,0.015850436903068484,0.000812842918106076,
051680a0,0.659464966912519,0.2551439470600304,0.07193353989101822,0.013457546136432394
1aff6762,0.904558606485612,0.07802246366539645,0.01689361027958675,0.0005253195694047212
a0522c83,0.9020266779632997,0.08044976442387171,0.014940486030748884,0.0025830715820796828
b447e66d,0.792504635291333,0.15121964048548925,0.04662905834549686,0.009646665877680908
90161e10,0.9551652556170629,0.03237951807228916,0.010399706935851514,0.0020555193747964834
adbd6839,0.5956094966394275,0.295048595329046,0.09057105555824187,0.01877085247328466
3e5d5b58,0.7459846009732916,0.19959331947268616,0.04566017044026594,0.008761909113756312
cd68643b,0.818414995235431,0.14919104516504825,0.028490334184057983,0.003903625415462751
af4f064e,0.873475899365766,0.10387437116616308,0.019256043701511804,0.0033936857665591825
554e46e9,0.9757531227038942,0.01961792799412197,0.0039186872397746755,0.0007102620622091599
8f21c613,0.7593825750971581,0.1733379076843473,0.06139660185711152,0.005882915361383104
3826be66,0.7681533852242477,0.1812883994453273,0.04336164053564379,0.007196574794781218
2898269f,0.5754093542576626,0.2964868427561683,0.10795254487837952,0.020151258107789588
43f5d3c5,0.8059703439579076,0.14007914075749012,0.048610688350654435,0.005339826933947907
76fb4afb,0.7779519172758741,0.15001499846644895,0.05513031813601081,0.01690276612166621
fc2c2c08,0.7984024485834795,0.15710499794707178,0.04145515284983763,0.0030374006196110634
1837456f,0.6697279349007962,0.25781003378891865,0.06405864540342099,0.008403385906864179
4bc2bee9,0.709963677985998,0.22187320137744002,0.0608401863901381,0.007322934246423891
a402c6c8,0.7637181928336507,0.16764502235029377,0.05820495066643586,0.010431834149619689
035c96dd,0.8904925331601892,0.07672757629162415,0.029403580372878213,0.0033763101753084127
29587a31,0.8089168743840937,0.14857109732769114,0.03431685119703205,0.00819517709118312
ab16a20d,0.7210117621156565,0.21575733967872235,0.052357927361102875,0.01087297084451821
fa34f945,0.9347207127221516,0.059569550109449386,0.005518392089029039,0.00019134507936993892
c9600298,0.8264856943063902,0.1514000262563531,0.020922026668952935,0.0011922527683037591
070386b2,0.8462829213834979,0.12854060162147812,0.022341272812672307,0.00283520418235162
91656d27,0.733915310923417,0.2254407346522306,0.03588231959639476,0.004761634827957599
3f1f23e7,0.7623147770097666,0.16077771073236474,0.06724574632986584,0.009661765928002861
e46417a7,0.5905783207122627,0.3185915532002384,0.0759389568327042,0.014891169254794698
7b0a4060,0.6540928693311422,0.24380782909179813,0.0904900050661498,0.011609296510909865
5f574f3d,0.8330892771547614,0.12957276122351155,0.03168604191796552,0.00565191970376145
8c1f9196,0.880693376500742,0.10839336301092675,0.010602994738972076,0.0003102657493592338
5e57bd12,0.8843772498200144,0.11461483081353492,0.001007919366450684,
d3da09e8,0.7718199494296228,0.20378777131508016,0.023436782856141463,0.0009554963991554914
4a9f92ca,0.6976017292252796,0.23086872984286008,0.06022781856858574,0.01130172236327455
7e87087b,0.935626271447393,0.060388387741606556,0.003326585933437994,0.0006587548775624555
8a77c3e9,0.8328278470089592,0.12348988604350143,0.03973249409913454,0.003949772848404863
5779f2e9,0.7962121314900487,0.1569686198428957,0.03981874669307683,0.0070005019739787545
93904b23,0.812544129403458,0.15190434787682863,0.03150182936436153,0.004049693355351839
98413061,0.7998259526160886,0.15126477691623236,0.038622874519658554,0.010286395948020456
fa633e39,0.9434933375874258,0.04208193046238067,0.012350861873535906,0.0020738700766576267
c3d46daf,0.8331575550553308,0.15648464432446046,0.010208257906087176,0.00014954271412155463
d8037389,0.8791402467435123,0.0975764574006172,0.02222312258169074,0.0010601732741797162
b7c410a9,0.849100563502384,0.1166929026076244,0.02747074122236671,0.006735792667624849
bc66f41d,0.8234451844262295,0.15068647540983607,0.02401127049180328,0.0018570696721311474
6a4df6ff,0.735092101155167,0.20597876990321573,0.05233374960974087,0.006595379331876366
641697e6,0.7886969927980106,0.16295444747808593,0.0448656903266347,0.0034828693972687483
089a6b19,0.7221929649336263,0.23271650897996984,0.037354495432836365,0.007736030653567472
1f65fa82,0.8325674657105689,0.12898879281995465,0.0353240071125287,0.0031197343569476657
66f619e3,0.7497194976293026,0.18484201382605234,0.0592674363893011,0.006171052155344022
c79039af,0.9139019694499053,0.07505448117161188,0.01005298262190321,0.0009905667565796492
0bd89878,0.654792205963586,0.2539235543232207,0.0678918409565999,0.02339239875659341
cb2752bc,0.8628515712892822,0.09641866046651167,0.03921848046201155,0.0015112877821945548
1c5ba087,0.7616702933655236,0.18926603027367017,0.03943836465001033,0.009625311710795914
54945f30,0.8313722104040253,0.1175653293352068,0.04144654729851719,0.009615912962250672
5132511c,0.8986701879343231,0.08641244181238579,0.013362143705067157,0.0015552265482240274
0a431608,0.8227980236145584,0.14257656947118544,0.0328856309973942,0.0017397759168619083
b1de4423,0.898119756811085,0.09094941543834204,0.009755015683361555,0.0011758120672113893
a3bd8858,0.9509818469604788,0.0372293944040494,0.009216665842277951,0.0025720927931938468
e1ccc3d1,0.5990244003587221,0.30854764212807206,0.07889812189293287,0.013529835620272981
94a1053b,0.8510601377720737,0.11862214830142224,0.029754577123549595,0.0005631368029545038
fa9a0add,0.8087091873212583,0.1543235621226565,0.033159060216078805,0.0038081903400063555
09331bb8,0.8097919948590019,0.15231992002891812,0.031801000531057964,0.006087084581022041
18b8b2f6,0.7809427701146578,0.16371251331071543,0.04822503157425522,0.007119685000371462
045a0a94,0.8932902895380909,0.09211736011116382,0.014239715877367163,0.0003526344733781963
e21255e2,0.9539081568939093,0.036133929078244226,0.008506393986328142,0.0014515200415183387
930c567c,0.8552753991911751,0.1155138696386869,0.02492927528527217,0.00428145588486586
fd028ecc,0.8406758310016138,0.13633302759749683,0.021162531492726195,0.0018286099081631468
e51193d1,0.7704504583534365,0.16418483266809947,0.05211303127330146,0.013251677705162506
9d65adbf,0.9876237623762376,0.008280828082808282,0.002835283528352835,0.0012601260126012602
1cd37b36,0.951266404747973,0.027250689626347906,0.018557218089108082,0.002925687536571094
a0182b17,0.8576721299314654,0.10592579465982008,0.030212115342611406,0.0061899600661031685
87050a09,0.7397785129569183,0.20090775794103993,0.050965598037120814,0.008348131064920902
649ff6d9,0.7050760927556395,0.2284846001703723,0.05601063500532045,0.010428672068667707
6f5677b7,0.8333857613103999,0.12984631113008505,0.03306894653469796,0.0036989810248171575
6e1d28b6,0.6817374693103072,0.20704244312390624,0.08328685808060411,0.02793322948518241
4d5a8ce7,0.7636189662928201,0.20618485959789262,0.029193574211453275,0.0010025998978339268
9ebb73c7,0.6489885597393742,0.24734828396090613,0.08919236305780741,0.014470793241912265
e0db55b1,0.9829035775846906,0.016181798993914236,0.0008618566855454322,5.276673584972034e-05
f47a67cc,0.9166061266497154,0.043800702264196634,0.03375105945029665,0.005842111635791258
7494989e,0.8799502141523593,0.08441629754365414,0.03058901050627814,0.005044477797708387
0a418b57,0.7646832815582201,0.17861711249490447,0.04706615500672374,0.009633450940151717
807d8908,0.9649585212969064,0.027556726983966072,0.007129944075557133,0.00035480764357037864
5ed5f205,0.911906677393403,0.06733358984224702,0.018744097380111232,0.0020156353842386934
c9e419e7,0.8796796154543997,0.0979060882004139,0.01858041036779536,0.003833885977391117
eef79620,0.9159601051536862,0.07078374162237115,0.012588109544719206,0.0006680436792234805
5b2c9b83,0.8788707499389703,0.10386789158655554,0.016930716627576767,0.00033064184689737434
966161e7,0.8285675281435733,0.13613829472571867,0.031274569535419315,0.0040196075952887165
687c85e7,0.8258949731819882,0.15397280778346015,0.018286141948359737,0.0018460770861918423
9e171735,0.7136756019990913,0.20761270129739007,0.0662729062547327,0.012438790448785906
e328a032,0.8170599513560023,0.12954004999898375,0.04557834190361985,0.007821656741394145
b3f5c066,0.7470029074584595,0.16088639821635708,0.07339449541284404,0.018716198912339374
23e024bd,0.8796698942811311,0.09338822210626002,0.026478034827312962,0.0004638487852959935
f9384fa2,0.8787610172487815,0.10425537288178398,0.016650251281662753,0.0003333585877718009
408bed19,0.698588299624569,0.2440134434953088,0.0495262101479718,0.007872046732150358
13eee030,0.7336268077601411,0.21592380952380952,0.044746384479717814,0.00570299823633157
b4e69f09,0.8064818254758657,0.1480748397651033,0.03801617802698003,0.007427156732051038
a5710c0a,0.8641912416746854,0.11166141519342403,0.021782607875323108,0.002364735256567486
33fe1b04,0.7107448475352537,0.2079787875135591,0.06766903700132577,0.013607327949861395
cfcf9dc9,0.8396870857073462,0.12871788125044276,0.02575572040116179,0.005839312641049255
893293dd,0.9307871753841408,0.05569800844435019,0.013052112051514393,0.0004627041199946018
3d3dd3ae,0.8267262364186903,0.12702606424033724,0.03918838686694769,0.0070593124740248175
2760be91,0.7960123617416068,0.16344024370650628,0.0384808037022219,0.0020665908496649665
4570c8b8,0.6118316010021646,0.2810257672428482,0.09283591131979023,0.01430672043519693
e3bce7e1,0.8890251742572918,0.09496599445083576,0.014997969817960343,0.0010108614739121609
1eea8df2,0.9803104730371537,0.019065324178359162,0.0006242027844872038,
35fa2ebf,0.9443197797923586,0.04175268527660593,0.012581156688507913,0.0013463782425276007
56cb7161,0.7729570053772126,0.1631107059610902,0.05277976506427269,0.011152523597424477
ed0b3906,0.8785065664658968,0.07984748853401116,0.03637803687535687,0.005267908124735223
48db8ecf,0.784367311952444,0.13319455421847692,0.06377531141810734,0.018662822410971714
428970d4,0.8543462533403455,0.1141443776746123,0.028356563361782442,0.00315280562325975
3c2cf08e,0.8010275127790415,0.14232666487918652,0.047420118377314,0.009225703964457975
e9d94c4e,0.7860692771084338,0.1364094308267553,0.06056294142085584,0.01695835064395513
12a607f6,0.8376436781609196,0.11973180076628352,0.033524904214559385,0.009099616858237548
8cab7bc4,0.8659217877094972,0.1127034248239009,0.018460043721156182,0.002914743745445713
eeedcd5e,0.8735349431434942,0.11128083860370262,0.014668423015577017,0.0005157952372261326
8f9c03c6,0.7066246317582184,0.24008124054421243,0.04710739018885395,0.00618673750871517
a4530b41,0.7766834702514314,0.1748428553647,0.04279987137996847,0.005673803003900091
01085eb3,0.8490993384149922,0.11601225861654355,0.03220683059956491,0.002681572368899353
c829500d,0.7662585925735197,0.16844955252295904,0.05662840809489998,0.008663446808621312
8a4e5d1a,0.9447007258964418,0.040723825738838336,0.012401210210866589,0.0021742381538532333
f028534c,0.7617166796146111,0.17312006737771454,0.05585162381744124,0.009311629190233135
37995242,0.6919279133637675,0.2484821207138855,0.053486300048682364,0.00610366587366468
e9ca5586,0.8464733407408567,0.11541338675096637,0.03332446517159893,0.004788807336578037
8c6c52a2,0.7175078839104195,0.2272607213177736,0.04922441530999376,0.006006979461813059
64b4005d,0.9147797739272173,0.06932189976731276,0.014528188228624074,0.0013701380768458477
00f332d1,0.8557913936998176,0.11345548172172924,0.024204852700538994,0.0065482718779141715
7b543871,0.8456243016206967,0.11573534202698219,0.0321581785354358,0.006482177816885327
4decbcd8,0.9935975479971053,0.005602145502532885,0.000732195308841684,6.811119152015665e-05
98ed2153,0.842263253467033,0.12390043227434154,0.030014944800655644,0.003821369457969757
c6313b18,0.9934170897513123,0.0062903364598571555,0.00029257378883056534,
d6251195,0.9484993966778773,0.039947626505096145,0.00937074786269929,0.002182228954327232
221e37e0,0.8802942035369758,0.08595455287892811,0.028262150002227315,0.005489093581868667
1b5b34bc,0.857866903697319,0.12875522993768967,0.012673059311533697,0.0007048070534575949
1aae1de3,0.8559613872393503,0.11590607120583529,0.022973779115485777,0.005158762439328615
9f9be55c,0.8550540091965282,0.10255761434440726,0.03548825946181264,0.006900116997251925
bdbff28b,0.8403462025073802,0.11468197676647625,0.03785990875282751,0.007111911973315953
7f2715b4,0.7142786707425304,0.23153535154324031,0.04886105906715314,0.005324918647076226
ee2bf575,0.874383161569707,0.09970123199838866,0.022625801470341402,0.003289804961562993
9d1b2d2c,0.8392859480932342,0.1223980496337826,0.03400047659324861,0.004315525679734574
6c2edc91,0.9347283419055438,0.05552111779389837,0.008711822948952069,0.0010387173516058234
87af775e,0.8878760506284493,0.07488240672402208,0.02764405864792518,0.009597483999603432
f7b1374e,0.8458591850279102,0.11416053248294683,0.035965180417978186,0.004015102071164792
1e87baed,0.7354198944217382,0.2013383061208752,0.05720224616700434,0.006039553290382283
697c41d7,0.8158547318048056,0.14712232194424327,0.03297549527415407,0.004047450976797059
c294b507,0.9200698564703977,0.06958756924927426,0.009064570972554734,0.0012780033077732672
c3a86e3e,0.6899311756393617,0.2594519127479253,0.045825299306334485,0.004791612306378538
f1baae47,0.8742655549083923,0.11003392497675321,0.015399078303342428,0.00030144181151201167
cda90e9e,0.8308098443162799,0.12310512564266192,0.04011595005598834,0.005969079985069774
d506f4c7,0.9254277943160645,0.06286274173859037,0.010914376887327866,0.0007950870580172617
2e17c497,0.8778822761444766,0.09389767936829228,0.022816848098870267,0.005403196388360912
397efe7a,0.7475317401185364,0.16682703647820407,0.0755959579319408,0.010045265471318765
5e55e9fd,0.9375248562854767,0.05318341227087024,0.007646697277558841,0.001645034166094219
948a7025,0.5967374870693085,0.32117450465504893,0.07565847059759688,0.006429537678045675
2e5f5207,0.7173516258228593,0.20575158084132764,0.06159442229007898,0.015302371045734108
f9334e08,0.7424312994876572,0.21982752537014297,0.03285768725917771,0.004883487883022117
721ea536,0.811771434300349,0.14348016296174773,0.041799961720394824,0.0029484410175083624
429cc266,0.7909610943950738,0.14048177174445456,0.05301413477013505,0.015542999090336575
7f44236f,0.9459700007853198,0.0458103191015942,0.007926494070835842,0.00029318604225020287
ad9f821d,0.6524346780522575,0.2529645976283219,0.0737423410061272,0.02085838331329335
6e9beaee,0.8545234895490808,0.08354301890029452,0.0616046664569811,0.000328825093643668
1314bc8c,0.8678004572086381,0.10372445849012549,0.025276795847112038,0.00319828845412438
15f2e240,0.6685238521673887,0.278045356632863,0.0493549870513348,0.004075804148413486
0bfe4fc9,0.8599226172537344,0.1054164878218066,0.03096527517755109,0.0036956197469078865
26190ddd,0.6372570566432237,0.25027323702718113,0.0950746055882912,0.017395100741303935
9fa5cdfd,0.8338651623068882,0.1295834057169329,0.032107840896276586,0.004443591079902351
224fc39a,0.8489446544959536,0.12825931244855124,0.021805365994462242,0.0009906670610329309
4a4a0f78,0.8494131134436989,0.12602284440143882,0.021661162414017963,0.0029028797408443595
351cd4ec,0.6326102527371329,0.25867185101811113,0.09576128108052799,0.012956615164227974
6826f0be,0.6828827113480579,0.23247946360570124,0.07393101947557393,0.010706805570666956
c3dde859,0.8455870218173417,0.12593656137571377,0.026234720709421174,0.0022416960975234074
ef9617e7,0.744230859174033,0.16837378981338572,0.0729900378841027,0.014405313128478555
3d6143f3,0.9027803252629004,0.07669203961848862,0.017119100024455856,0.00340853509415505
d5b089a4,0.7182354429035814,0.19673431405918704,0.07385109246531497,0.0111791505719166
db9eae59,0.8063459158018272,0.1394465312905561,0.05010429471502058,0.004103258192596146
4a475a9f,0.993229950237241,0.006365004050457123,0.0003471820391158431,5.786367318597385e-05
fecc07d6,0.9271288078675941,0.05814343967378268,0.013960182297913168,0.0007675701607100024
3875d4de,0.8614809024334278,0.11212747008287734,0.022817518191399582,0.0035741092922952473
012cadd8,0.806600857307724,0.1326869178138653,0.04681188690132718,0.013900337977083505
dd747bba,0.7869255881524363,0.15244734385443537,0.048988305999458664,0.011638761993669663
36c060b9,0.8183690975752739,0.14412233258592194,0.035385568225852926,0.0021230016129513037
2bbcfd43,0.8673778551284331,0.11502769379303336,0.014793312838232679,0.002801138240300821
73ec551e,0.8229796054046655,0.1408905909991145,0.03109610125507351,0.005033702341146466
ed711416,0.8355542119792205,0.11861480815586192,0.04087212247051866,0.004958857394398878
215ca39b,0.786318332035279,0.1892300082093165,0.023065021996758372,0.0013866377586460943
1c063ebc,0.7830369438069149,0.1844998889464722,0.029543199822314355,0.002919967424298512
1e5f6199,0.6298527198942137,0.26459805754411564,0.08838630249418632,0.017162920067484384
d19e1025,0.6910954312529116,0.24175387167513152,0.06184454215950279,0.005306154912454125
73ffa609,0.8687188339087073,0.10903337169159955,0.02090525508247027,0.0013425393172228615
d0ac4f1c,0.8637852076511316,0.12419193078698389,0.011285781606834301,0.000737079955050206
350cf38b,0.8087357344228189,0.13371575884578854,0.04695391295171187,0.010594593779680693
6dfe4a75,0.9167019609504045,0.07379240608191097,0.009428867900554826,7.676506712972767e-05
25a3a723,0.8742138364779874,0.11161794180662105,0.01313152256548483,0.0010366991499066972
8a645723,0.8785354634176664,0.10853484179772487,0.01243239883135451,0.0004972959532541804
68be3d5c,0.9840868213273176,0.012925647044477639,0.002835106545133067,0.00015242508307167026
709457f3,0.9823212913143735,0.014306943376889572,0.003361516781962593,1.0248526774276198e-05
4aa87859,0.8226654500793368,0.1098086015578383,0.05737136863398828,0.010154579728836599
47350ac6,0.8716525934861279,0.107974802305321,0.019568422463476745,0.0008041817450743868
b7a61f8d,0.7763582385867517,0.1658777501018698,0.05045389510320254,0.007310116208175933
4950e24c,0.999034749034749,0.0009652509652509653,,
bb0d7d92,0.9008336375639228,0.08806583458456742,0.0108644632137181,0.00023606463779175257
08660d12,0.8644452241139466,0.11458371803867981,0.019262966108997796,0.0017080917383757433
1957153d,0.8449451849010772,0.12421133378080353,0.026375171796592833,0.004468309521526512
da19c97e,0.7808846818747809,0.15272791015365272,0.05486647565855487,0.01152093231301152
c8fbbc8a,0.7990751991359525,0.1410297209203649,0.05325319678296592,0.006641883160716696
ffcd4dbd,0.8730431664042407,0.1030633826170047,0.022051147263933344,0.0018423037148212105
9fb96ae3,0.8449477492285257,0.13207587709050086,0.021775854798986943,0.0012005188819865767
38cccd6d,0.8458591850279102,0.11416053248294683,0.035965180417978186,0.004015102071164792
19098ef0,0.9223463763932984,0.0579859536277299,0.018733077694855618,0.0009345922841160544
cb3b7c3c,0.8109077934655181,0.1419975533921199,0.04201284469137061,0.005081808450991386
11739de2,0.9272676991150443,0.06922935103244837,0.0034107669616519174,9.218289085545723e-05
fdc11b96,0.8656897191075683,0.10780304182306631,0.022705627185926832,0.003801611883438578
6247cc15,0.6830305861854562,0.2554949397725796,0.05528487271271046,0.00618960132925377
1911731d,0.8661268068331143,0.10794678055190539,0.022703679369250985,0.0032227332457293034
f8ff0bc8,0.8418410041841005,0.14309623430962343,0.014225941422594143,0.0008368200836820083
080698b7,0.7350199577365579,0.21877201220943884,0.04104836816154027,0.00515966189246302
7dc65b92,0.8019521053228919,0.14632971411997628,0.04796781800527119,0.0037503625518606793
7b8842c3,0.8248378728923476,0.15123216601815823,0.020168612191958497,0.003761348897535668
fc8e4de4,0.6904970653029864,0.23136762300700436,0.06618610538128744,0.011949206308721837
6d707ac3,0.8986730017282075,0.094143976508613,0.006907732071758846,0.00027528969142064775
ac3ba541,0.6014621390975787,0.2817299992484574,0.09987482928320976,0.01693303237075411
f5ad7abc,0.8287639248257653,0.1336195882980067,0.03374558355776545,0.0038709033184625642
ebd6f819,0.697889970702258,0.2340682430232902,0.0582699535379243,0.009771832736527477
3f1cf5ba,0.8487078183333937,0.11756799207413583,0.031135597520751023,0.002588592071719405
4442c376,0.8013715299706409,0.15854541421622237,0.034377589717838206,0.005705466095298536
3c8f474a,0.8778400528750826,0.09171183079973562,0.023989424983476535,0.006458691341705221
83846d0c,0.727035113484298,0.18908484780504856,0.0621770308094022,0.021703007901251313
001f3379,0.9424433171455968,0.04921278109437347,0.008011382968851495,0.00033251879117819914
948e1435,0.8797704108600887,0.0925010416083677,0.02705694333028624,0.0006716042012573923
bd4ccd4c,0.7613727942198139,0.17399842526978834,0.061488583205965446,0.0031401973044324024
5ee595e8,0.7645879680216333,0.17107273217986915,0.05977994565459486,0.00455935414390265
b9c085ab,0.7833307026185591,0.16743592395238588,0.043110158006172204,0.006123215422882865
2bac0893,0.8381790923192914,0.1221997868154914,0.03543109200731413,0.004190028857902993
5ddbac80,0.6762215951284717,0.296376058220704,0.02699391058963315,0.0004084360611911481
e4762a2b,0.624983572085688,0.26337232224996715,0.08581942436588251,0.025824681298462347
2f154763,0.8007703418391912,0.1512277323062109,0.04198363023591719,0.00601829561868079
0983654b,0.6143620971335214,0.26529778701915935,0.09527699391058964,0.025063121936729542
f6d879aa,0.888485238058858,0.08529443532644346,0.023857256889652283,0.0023630697250461683
c5cfaeae,0.6280378938839347,0.2814153205481517,0.08084248411273949,0.009704301455174136
a9b84b96,0.7941331362822976,0.15749101827777026,0.04453776183478043,0.0038380836051516345
cd703872,0.8835286235977196,0.0953616372855529,0.019172161942043454,0.0019375771746840765
898096eb,0.6744181515290266,0.22096765289454798,0.08322048704134882,0.021393708535076526
14391970,0.7377961676764692,0.20502156825490653,0.044424271851492184,0.01275799221713216
677038b5,0.7397178326121224,0.2182801849676656,0.0379934763528708,0.0040085060673411554
ea544af3,0.9095914317605995,0.0809872255984125,0.009031555075211282,0.0003897875657766517
ec6b57b4,0.8288030911837548,0.1337080845553854,0.03453945678200372,0.0029493674788560152
69b65679,0.9875118979630687,0.010470207500475918,0.0019798210546354464,3.807348181991243e-05
e4d396d7,0.806469478342315,0.13363830104928803,0.04977398905917007,0.010118231549226947
eb93a46a,0.6972976730099941,0.23258977554252577,0.06083338711839499,0.00927916432908514
9eb283e4,0.7894095595126523,0.18603561387066542,0.023898781630740395,0.0006560449859418932
aa1700c7,0.7988302432474307,0.16583819656045035,0.03234906780974023,0.0029824923823787634
154d1191,0.7476378995227362,0.19376650887038963,0.049579891630769625,0.00901569997610452
04afb6f9,0.8085735364941439,0.16589900708057095,0.024830670861042514,0.0006967855642426044
6197a2ce,0.8037837330564891,0.15492424908940544,0.036180371041626344,0.005111646812479105
b41cee02,0.9487669028196349,0.04481120911371633,0.00632721649809868,9.467156855010493e-05
24398aed,0.9939300297980356,0.005783026156053416,0.00024279880807857851,4.4145237832468826e-05
f3020788,0.877004089077163,0.1096150047698896,0.013208601770952844,0.00017230438199461234
a922ef3f,0.9107781602213674,0.06717509167397809,0.021191874198555713,0.0008548739060988504
ce6eeadf,0.8002361423561138,0.16696941327706905,0.032501013036734805,0.0002934313300823005
8078b7de,0.8049483609050396,0.15047671942978802,0.038724692876317426,0.0058502267888549475
7e46b693,0.9307444523979957,0.061769267477928894,0.007197963890877276,0.00028831623319812297
4d61a44e,0.7460563955864323,0.20056872360713798,0.05020092630431821,0.003173954502111429
e0283d3d,0.7475324758023434,0.2103471514688402,0.03869502462217694,0.0034253481066394975
c5462e87,0.9352013514661331,0.048622580432053905,0.012882341282949065,0.0032937268188639
f44f1227,0.8674608133620892,0.1057316966655245,0.025221884049207534,0.0015856059231787367
5ef3d64e,0.8675335714960358,0.10843440432470873,0.023601442310363412,0.00043058186889198785
fdf4691f,0.8067791588272767,0.13768684908371728,0.04307491740863098,0.012459074680375106
83eda373,0.8100973632032198,0.14733212985706254,0.037953893048444855,0.004616613891272824
0f6b71c4,0.8869396533546999,0.07169063382954498,0.04107451608822165,0.0002951967275334205
5264bb0e,0.9508730508782399,0.034013958436032485,0.013063331863113925,0.0020496588226137044
8e59a69a,0.8575568459725139,0.11590583960664756,0.02501847976787205,0.0015188346529665085
0d279d77,0.818632188957928,0.13812841272829976,0.03814305738613778,0.00509634092763447
db3b1dd1,0.8308107997251873,0.12048943304519026,0.036717732590929135,0.011982034638693205
af485add,0.8243925120980936,0.12728055522069334,0.04139700690581569,0.006929925775397386
7c21ad67,0.8097158807140122,0.15244126587348872,0.0333707697105061,0.004472083701992917
4307d287,0.7901730990676423,0.17424129861446455,0.033895471936406525,0.001690130381486572
7265f1e5,0.8413910583714351,0.1088927040153712,0.04131455816684161,0.008401679446352008
cba39753,0.8324682742070431,0.13973376886889344,0.026139648598954915,0.0016583083251085916
75ad73ee,0.8239235564877935,0.12059663229039212,0.0396977995299967,0.01578201169181767
ac1ad4a7,0.7894647784212362,0.17454183803495396,0.03317897237733138,0.0028144111664784636
c1373df0,0.8222963458004153,0.13008091271451416,0.041939160321741414,0.005683581163329117
8376acc5,0.6719280443960064,0.25348566274568757,0.06514086712515815,0.009445425733147932
481a1861,0.8528556939798065,0.11999515599218903,0.02392485732883244,0.0032242926991719774
e0869709,0.5939142123915434,0.24893071000855432,0.13271416350971527,0.024440914090186974
0eddd8e5,0.8211140457159128,0.1142113322234135,0.052050010314700045,0.012624611745973634
dc33dcef,0.8579667328171863,0.10866461686578681,0.02909993605187585,0.004268714265151104
745e6065,0.8844883896206439,0.08929404586727918,0.02451279474572013,0.0017047697663568173
58dfccdb,0.6985361626064701,0.18787763890205425,0.08307175646945712,0.030514442022018497
bf31e0a7,0.7877761057961623,0.1577523807431653,0.04520116867853652,0.009270344782135913
1eda934b,0.7464065926292707,0.22296809789912994,0.028733111692721226,0.0018921977788781213
f35b607c,0.8193686020000103,0.1529601284618037,0.024976968486713776,0.0026943010514722155
de91310c,0.9195865893622385,0.07121250315099571,0.009200907486765818,
063b16fc,0.8729337118049758,0.09912415185415686,0.024484281789341065,0.003457854551526283
a40c8316,0.872488311805925,0.10909924493700261,0.015848398745712443,0.002564044511359906
03a9019b,0.8325191058842164,0.12066900293022888,0.041434030252633244,0.005377860932921518
58ada72e,0.8875772484550309,0.08995320093598128,0.01883962320753585,0.003629927401451971
9d0670dd,0.5880732550628823,0.2944324125789987,0.09278468026900719,0.024709652089111796
b95aad8d,0.9070492963979113,0.07778896362509957,0.014791131958580405,0.0003706080184087087
75b0446f,0.7911421413537314,0.16608151223484494,0.0376056281621701,0.005170718249253538
02cebf33,0.8329523661933634,0.1369835150998586,0.028620963524010615,0.0014431551827673711
6b773506,0.8432756556583072,0.13775641375226907,0.01720981325521787,0.0017581173342058997
43f44f6c,0.8405307425465782,0.1377567890917617,0.02015234499467935,0.0015601233669806952
15dbc929,0.7985847912744235,0.142460893755807,0.04795742930086945,0.010996885668900011
ab36aa48,0.5996465737286472,0.3175927743962301,0.06940899273512664,0.013351659139996074
a774c63b,0.7143200520699704,0.21604716545449143,0.059048642750850054,0.010584139724688134
63fc9770,0.9040970883722517,0.08241083459839323,0.012954781926416156,0.0005372951029389189
ae712150,0.6114239293554429,0.32174527775366185,0.06621686986072009,0.0006139230301752471
5c2c136d,0.6917329787867362,0.19696187962613856,0.10299049471156708,0.008314646875558114
a1942b0b,0.6363896983433166,0.27304584210242294,0.07514772543305812,0.01541673412120231
15f217a6,0.7190032366339008,0.23004075761208342,0.04548669383840805,0.005469311915607768
29c54890,0.8901413477663532,0.08805266683290064,0.01821973197217048,0.003586253428575619
7a6d26a2,0.8778604378316401,0.09877609791216703,0.02040903394395115,0.0029544303122416874
1fed3943,0.8466878321622644,0.10978771472362109,0.03658014689782838,0.006944306216286152
2a9e0dee,0.8343214766900482,0.13097126683747815,0.03043589238230324,0.00427136409017037
f8bf4a1c,0.8507430086776424,0.13177579459401123,0.01594198802038231,0.0015392087079640561
806d877f,0.7043247219644226,0.20114473369732222,0.07903566739402366,0.015494876944231479
e28c0bfa,0.9043231501121338,0.07332047233766192,0.017995796182011883,0.00436058136819239
24ab10c6,0.707536642551751,0.21821282144513962,0.06266534598843988,0.01158519001466956
1d78b3c3,0.7599252455596442,0.16815692637556862,0.06258221539709674,0.009335612667690436
0745c390,0.8574061595782632,0.10575131792778152,0.029192595822268026,0.007649926671687344
99b15811,0.8588200977174943,0.09976205330978175,0.035041093744513856,0.006376755228210052
bea525dc,0.8554952162089908,0.125158987127106,0.018041494627517803,0.0013043020363854361
08577722,0.753344697556692,0.1723746061263495,0.0626581951547084,0.011622501162250116
e4614ec6,0.7994449529953649,0.15607282449181234,0.03894047048225157,0.005541752030571175
e1e02e28,0.7169994734497145,0.20942525011138563,0.058791364575316946,0.014783911863582973
c8270746,0.8473982817312369,0.10974766304641487,0.03614308099637975,0.006710974225968553
2496c491,0.8392970291778669,0.13179586379382052,0.02591758292370433,0.0029895241046082217
4b0f961e,0.7377925224619312,0.19383870522703364,0.05526238639695104,0.013106385914084192
0d4fa8f4,0.6968989705288655,0.22422852745256358,0.06948299354057327,0.009389508477997579
92622443,0.8194479634733418,0.14393747446908625,0.03350948586556907,0.003105076192002813
d6cca65e,0.8969446148869474,0.0810610281148831,0.02004574990565045,0.0019486070925190432
e4e58096,0.8978910241361192,0.09008563347531051,0.01061754480106427,0.001405797587506009
419d05c6,0.9606678275120353,0.03300727235480897,0.006299293250025607,2.5606883130185393e-05
11f9b26c,0.748976573943625,0.1910127285884586,0.050921345643578544,0.009089351824337788
7bdbf66f,0.7565060551404277,0.1560809069827364,0.07034269518165422,0.017070342695181654
6d5944a9,0.860571717780013,0.11128764630888392,0.025161604448686984,0.002979031462416155
5f78f7b9,0.9722026576513124,0.027186927736300888,0.0006104146123867212,
f75c957f,0.6893579883270605,0.23894070801287295,0.06106474663175694,0.010636557028309606
2a3fcf9a,0.6867736206754438,0.23939139622189085,0.06503038522925675,0.008804597873408615
df98fbb4,0.893366555312318,0.09100371795580739,0.014741711040344538,0.0008880156915300218
678598dd,0.6803747273808737,0.23816172097019364,0.07167404665917652,0.00978950498975613
efa35d35,0.9492324971920629,0.047772369898914264,0.002995132909022838,
06eb8adb,0.764962874606916,0.18198861982570183,0.0434775164510293,0.009570989116352865
a614af1b,0.7460512402520156,0.21705511741639863,0.03253183240075781,0.004361809930827863
cd8f3c61,0.6900911854103343,0.22483485309017223,0.06690172239108409,0.01817223910840932
331733c7,0.802164355765979,0.16648538968457804,0.030856693690647023,0.0004935608587958943
416b6ba2,0.7815525155660592,0.16579178596858005,0.044831007892863095,0.00782469057249769
cbcf8cf2,0.8480685861518956,0.12384462803157335,0.027682916854116398,0.00040386896241462514
04f094a8,0.8505976571521099,0.10264094648294096,0.036857515243376396,0.009903881121572729
0e3b0bd2,0.9891962970755313,0.01055123080159899,0.00025247212286976645,
48df987b,0.7883608352864783,0.15826187284538618,0.044303180119446076,0.009074111748689466
a00c85e7,0.8805573205977002,0.11104648779387952,0.008250148605161212,0.00014604300325906492
0ec403df,0.8302701271186441,0.15834216101694915,0.011334745762711864,5.296610169491525e-05
d05f5d71,0.9361190873183104,0.05336627935891362,0.009310567769259159,0.0012040655535167876
9e027e04,0.9563200559687305,0.034296056333743975,0.008973247555170264,0.00041064014235524937
b9cf3f7c,0.8658622118355598,0.11849912125585942,0.014780232725027554,0.0008584341835532676
34ec5de4,0.888552522190405,0.09877984263077014,0.012256157469999916,0.0004114777088249372
659fec57,0.9163998476663329,0.06898740426252169,0.013434983144561829,0.0011777649265836353
f6c20447,0.6480210033595012,0.2639237937318099,0.07826601376618217,0.009789189142506758
a6969e1a,0.8516519938732507,0.11747731382100979,0.026303838244793532,0.004566854060945922
7800a084,0.7948281447071878,0.1670951274929413,0.03592868022578622,0.0021480475740846675
b802aec3,0.6061855670103092,0.2865979381443299,0.09948453608247422,0.007731958762886598
43629a34,0.7559755791586519,0.1862423684870787,0.0458978004516183,0.011884251902651168
a08ebf6e,0.7189765134000837,0.1862740540060777,0.06386647675642321,0.03088295583741542
22e44415,0.7309925352502074,0.21813657727398397,0.048382637544926735,0.0024882499308819463
3950aa00,0.875049204296238,0.08454352471461508,0.033030141146038354,0.007377129843108587
a4e0447e,0.8860580234712258,0.08764273765364754,0.022756735249194592,0.0035425036259321536
836b4de3,0.7989002173083364,0.15555849800216529,0.0396685074266487,0.0058727772628496214
d77ac332,0.9705109621308208,0.025049827867367275,0.004122123573111071,0.0003170864287008516
764d8b42,0.7943488956376243,0.15578564197783407,0.044620331177584405,0.005245131206957142
3d736110,0.9071528454381617,0.07894431290985365,0.013559561611194967,0.00034328004078974604
ca3204b0,0.7874672914778266,0.1454567221357596,0.0657761967471054,0.001299789639308375
108b8659,0.7949646334682477,0.15040926900546986,0.046603649153660144,0.008022448372622296
c73dd2e4,0.8809523809523809,0.08965201465201465,0.024084249084249085,0.005311355311355312
064e8da5,0.7157704158377408,0.22799201805036634,0.04692428065408317,0.009313285457809694
6f49c8d0,0.5979362101313321,0.3690431519699812,0.03095684803001876,0.0020637898686679174
c6da0d4b,0.6898732065398732,0.2272439105772439,0.07057057057057058,0.012312312312312312
3d48430d,0.7234716689358411,0.20881448237607786,0.06390667809658279,0.0038071705914981594
c8cc2e1b,0.8974936637566883,0.08744418071368226,0.013895482157943437,0.0011666733716860442
e8e82627,0.8311538577320209,0.11125560673108763,0.0454529034588639,0.012137632078027635
72c9c38d,0.8673205099875124,0.09282451064529557,0.03573098724003433,0.004123992127157709
51f38b37,0.7742751279186026,0.1720284655649003,0.05169675939540081,0.0019996471210962773
79bd36b6,0.948272188252733,0.04959699833240689,0.0021215490087085416,9.264406151565684e-06
0c4eabac,0.6813710843661483,0.20790955050136845,0.08556130558975034,0.025158059542732848
1606f203,0.7969038921550587,0.14932144440791162,0.0473887901831904,0.006385873253839216
bd8397cb,0.579397228413606,0.2918112220176374,0.11437154763058435,0.014420001938172304
93fda84a,0.6460700323204381,0.27145780700887756,0.0728183704289162,0.009653790241768169
4d19854c,0.9214655292966019,0.05963734675802918,0.016864774157460495,0.002032349787908451
9e4385f7,0.8769914544041196,0.10103378725624133,0.016515287293688036,0.005459471045950979
9cee3c19,0.7025095785440613,0.1979214559386973,0.07886015325670498,0.020708812260536398
a8d9de72,0.85302470888952,0.10426556308408055,0.03504145196846134,0.007668276057938086
a5099438,0.8605072693394851,0.11486443664203415,0.02327202666903274,0.0013562673494479866
ebf2b0c9,0.8034525461539813,0.16349751444782096,0.0306741730927998,0.002375766305397952
440acf4f,0.6890729980736402,0.2345108142394011,0.06583295484800551,0.010583232838953188
f11e17c0,0.8081867041915896,0.15543890125812165,0.0354033992421685,0.0009709953081203275
5e359a08,0.984570444161486,0.013257433900082391,0.0020972211819339373,7.490075649764063e-05
86a8e0d6,0.8771397114838474,0.09410288919935288,0.025311787491890697,0.0034456118249090815
9aa1a2ae,0.9366326063748666,0.04590513954552387,0.016318438310202837,0.0011438157694067409
fe9c71d8,0.8137307792367834,0.13943833609464215,0.04212616214587926,0.00470472252269522
92293b06,0.8800619966764668,0.1026971749968043,0.015793173974178704,0.0014476543525501725
3fcef947,0.6665127814582926,0.22174633876761538,0.09225362079539558,0.019487258978696447
f869d220,0.9540046204857495,0.03167007816521229,0.013987144037059647,0.00033815731197854945
00115b9f,0.8141472420955458,0.1401569351488576,0.0412647126702054,0.004431110085391184
bba6ff20,0.9993199591975519,0.0006800408024481469,,
a3391798,0.8217850533657514,0.14238346783667413,0.03223592334761524,0.0035955554499592134
0d570d3e,0.9863305894370006,0.013188727993751127,0.0004806825692483326,
55f9338e,0.8504149202229482,0.11540698975253949,0.029961764691258583,0.00421632533325378
f1bd0f59,0.7835319399505861,0.1789280706120888,0.03341204751989607,0.00412794191742902
fb04f7dd,0.8558168992552797,0.10222433335517264,0.035139443971259475,0.006819323418288235
52e9e467,0.8717334107358545,0.09174071403825806,0.030514695555285062,0.006011179670602335
d2d9b474,0.9025771053788568,0.07008895500454712,0.02224176247749023,0.0050921771391058725
a65b2226,0.8381808917738348,0.12545445860379703,0.03127205948697263,0.005092590135395492
24a3b16d,0.879140230838344,0.09642960812772133,0.02304513096965927,0.0013850300642753474
0cbe4e54,0.8581239442567568,0.10804476351351351,0.03008076435810811,0.0037505278716216217
50707f1e,0.6536200574206202,0.25081156371699026,0.07860086983711874,0.01696750902527076
e4ab3b12,0.8024796249933415,0.12409044904916636,0.05112129121610824,0.022308634741383903
7f26f78c,0.9334161931818182,0.057084517045454544,0.009410511363636364,8.87784090909091e-05
35198c2d,0.9362773334514921,0.0592086314996566,0.00435341294281853,0.00016062210603274475
23e71e7c,0.880602596292537,0.0954110796516908,0.021368662855921792,0.0026176611998504195
f584742f,0.9275567407348663,0.06044331874439284,0.01129858092401029,0.0007013595967306234
6c0fe935,0.910305311557099,0.07455804000495625,0.011667275034911407,0.0034693734030333575
5ea2c305,0.9661357161357161,0.02012108262108262,0.012723387723387724,0.0010198135198135198
14b3d6e5,0.7160119492158327,0.21304854368932039,0.057436893203883496,0.013502613890963406
76781cd8,0.818465794299568,0.1415084076710285,0.033852143101358284,0.006173654928045255
d661ddf7,0.8565912851627138,0.13182001694520104,0.011145165784341042,0.00044353210774418435
3acb5be3,0.8579872301611432,0.09761021587108544,0.03823654606263302,0.0061660079051383395
4177e5e5,0.8265682105247424,0.15454525071188874,0.017597291459577426,0.001289247303791508
8f2d131f,0.7842432254584042,0.16570134512665768,0.04060278747710202,0.00945264193783606
14a6e58e,0.7405172009931759,0.18910161312990928,0.05873167075284601,0.011649515124068898
8823b020,0.8676591243324131,0.11229649887768002,0.018919476766686448,0.0011249000232204133
4280076d,0.8471864594894561,0.11398723640399556,0.03382630410654828,0.005
